8555
6386
7303
3019
4126
3679
3399
1342
4048
2561
3791
3959
3601
961
3556
2046
1207
1755
1789
2494
1409
3500
2773
5413
78
5547
3299
4786
2684
5312
3813
10033
14114
7448
33
11
2807
2930
2393
0
2080
4249
973
1096
4440
3478
4630
7303
5368
5245
22
10893
23922
25481
26103
23363
22390
23039
19806
15299
20410
19437
15691
11340
11474
14091
15355
15422
26942
15187
8656
9036
9036
9819
11128
11005
9868
10120
8790
11497
12760
9451
9775
10826
11229
5905
9618
7504
6822
9730
12850
15948
20175
31337
39557
32199
26931
12190
13219
13006
11620
5961
9886
9685
11709
12660
16049
12112
6285
8298
9797
10971
31829
36694
35039
15221
25913
18297
14091
12403
13062
13700
14528
12224
10859
11676
10859
7616
8611
10445
9808
10915
10580
10177
11631
11609
10960
9293
12280
13062
12302
11676
10882
10647
12280
12559
12861
9416
9215
11687
11832
9551
9305
10199
11575
10669
12861
10210
11765
11910
11910
7817
7213
9931
10826
11161
13443
15232
21685
25000
25857
20410
20902
17044
24213
27736
28373
35609
28798
29950
22748
28631
25019
23866
26405
23184
22513
21193
24750
18218
25342
22692
26025
26181
16004
20433
16060
18084
12727
18185
14863
18386
18397
19248
17025
16451
17570
20175
31359
25667
28474
32098
34771
33574
32277
28474
23967
28384
27121
23766
34994
28116
17033
23083
27423
29324
31214
21249
12045
12928
25376
18050
16720